function partition_setup
global v_agent nPartition_agent

% # of partitioned cells for the agent states
nPartition_agent = 20;

% Vertices of each partitioned cell. Every row represents a 2D position of
% the vertex position. 

v_agent{1} = [-5.705, 8.741;
    -5.925, 10;
    -10, 11;
    -10, 9.5;
    -7.415, 7.541;
    -6.358, 7.669;
    -5.705, 8.741;];

v_agent{2} = [-10, 9.5;
    -10, 5.5;
    -7.79, 5.982;
    -7.415, 7.541;];

v_agent{3} = [-10, 5.5;
    -7.79, 5.982;
    -6.282, 4.894;
    -8.32, 3.238;
    -10, 3.64];

v_agent{4} = [-10, 3.64;
    -8.32, 3.238;
    -7.2, 2.014;
    -7.9, 0;
    -10,0
    ];

v_agent{5} = [-7.9, 0;
    -7.2, 2.014;
    -5.91, 2.396;
    -5.01, 1.585;
    -4.983, 0;
    ];

v_agent{6} = [-7.2, 2.014;
    -5.91, 2.396;
    -5.764, 4.287;
    -6.282, 4.894;
    -8.32, 3.238;
    ];

v_agent{7} = [-7.415, 7.541;
    -7.79, 5.982;
    -6.282, 4.894;
    -5.604, 5.973;
    -6.343, 7.631
    ];
v_agent{8} = [-5.705, 8.741;
    -5.925, 10;
    -3.457, 10;
    -3.335, 8.32;
    -4.129, 7.737;];

v_agent{9} = [-5.705, 8.741;
    -4.129, 7.737;
    -4.305, 6.264;
    -5.604, 5.973;
    -6.358, 7.669];

v_agent{10} = [-5.604, 5.973;
    -6.282, 4.894;
    -5.764, 4.287;
    -4.02, 3.918;
    -3.525, 4.486;
    -3.573, 5.746;
    -4.305, 6.264;
    ];

v_agent{11} = [-5.764, 4.287;
    -5.91, 2.396;
    -5.01, 1.585;
    -3.886, 2.355;
    -4.02, 3.918];

v_agent{12} = [-4.983, 0;
    -5.01, 1.585;
    -3.886, 2.355;
    -2.79, 1.905;
    -2.222, 0];
v_agent{13} = [-2.79, 1.905;
    -2.222, 0;
    0, 0;
    0, 2.6;
    -1.489, 2.979];
v_agent{14} = [-4.02, 3.918;
    -3.525, 4.486;
    -1.911, 4.033;
    -1.489, 2.979;
    -2.79, 1.905;
    -3.886, 2.355];
v_agent{15} = [-3.573, 5.746;
    -3.525, 4.486;
    -1.911, 4.033;
    -1.186, 5.176;
    -2.051, 6.25];
v_agent{16} = [-4.129, 7.737;
    -4.305, 6.264;
    -3.573, 5.746;
    -2.051, 6.25;
    -1.735, 7.617;
    -3.335, 8.32];
v_agent{17} = [-3.457, 10;
    -3.335, 8.32;
    -1.735, 7.617;
    -0.999, 10;];
v_agent{18} = [-0.999, 10;
    -1.735, 7.617;
    0, 7.37;
    0, 10];
v_agent{19} = [-1.735, 7.617;
    -2.051, 6.25;
    -1.186, 5.176;
    0, 5.321;
    0, 7.37;];
v_agent{20} = [0, 5.321;
    0, 2.608;
    -1.489, 2.979;
    -1.911, 4.033;
    -1.186, 5.176;];

end